0000000000000000000000000000000000000000
0000000000000000000000000000000000000000
0000000000000000000000000000000000000000
0000000000000000000000000000000000000000
0000000000000000000000000000000000000000
0000000000000000000000000000000000000000
0000000000000000000000000000000000000000
0000000000000000000000000000000000000000
0000000000000000000000000000000000000000
0000000000000000000000000000000000000000
0000000000000000000000000000000000000000
0000000000000000000000000000000000000000
0000000000000000000000000000000000000000
0000100011111000000000000011111000100000
0000100000001110001110001110000000100000
0000000000000000010101000000000000000000
0001000000000000100100100000000000010000
0001000000000001000100010000000000010000
0000000000000010000100001000000000000000
0010000000000100000100000100000000001000
0010000000001000000100000010000000001000
0000000000010000000100000001000000000000
0100000000000000000100000000000000000100
0100000000000000000100000000000000000100
0000000000000000000100000000000000000000
1000000000000000000100000000000000000010
1000000000000000001110000000000000000010
0000000000011111110P01111111000000000000
0000000000000P0P0P000P0P0P00000000000001
0000000000000000000000000000000000000001
